34783
1787
4107
1709
1600
1607
1818
4219
4221
4177
3935
4135
4211
3943
4181
4421
4445
4576
4653
4733
4790
1933
6758
4709
4652
4624
4615
1540
4454
4201
4378
1566
1544
1589
1577
1598
1607
1627
1690
1671
1678
1649
1552
1685
4572
1639
4524
4312
4217
1618
4317
4279
4011
4249
4206
4140
1476
1490
1573
1548
1519
1560
1560
1544
2121
1502
1606
1553
1513
1573
1573
1554
1468
1690
1701
1676
1742
1714
1603
1496
1835
1509
1589
1551
1529
1526
1565
1544
1586
1564
1564
1609
1664
1637
1657
2048
1686
1684
1683
1619
1505
1601
1523
1528
1571
1555
1534
1496
1508
4318
4360
4430
1649
1551
1528
1648
1489
1579
1692
1569
1490
1564
1603
1697
1616
1685
1627
1660
1690
1682
6815
4262
4286
4319
4279
4124
4220
4191
4305
4279
4247
4018
4321
4252
5707
3896
4101
4081
4062
4049
4020
3986
3947
4076
3940
3990
3965
3940
1426
1530
3111
1384
1847
4096
4003
4409
4465
4559
4610
4663
4361
4309
4376
4303
4363
4606
1570
4742
4724
4761
4907
1633
1617
1568
1496
1612
1605
1550
1574
1604
1586
1532
1551
1542
1505
1529
1594
1486
1521
1434
1430
1571
1364
1503
1375
1488
1411
1446
1426
1368
1592
1486
1558
1508
5943
1592
1609
1574
1522
1668
1567
1630
1585
1622
1591
1561
1909
1631
1680
1527
1683
1723
1677
1578
6380
1748
1729
4716
1674
1718
1688
1727
1794
1492
1678
1744
1710
1755
1690
1662
1647
1542
1699
1573
1556
1528
1560
1534
1557
2007
1479
1565
1530
1547
1444
1491
1546
1501
1520
1585
1515
5908
1481
1512
1470
1705
1489
1468
1507
1497
1560
1478
1527
1461
1495
1579
1456
1514
1522
4157
1484
1598
1500
1610
1583
1566
1597
1593
1493
2279
2269
1638
1617
1796
1702
1696
1650
1726
1729
1682
1513
1659
1530
1702
1600
1419
1567
1599
1691
1557
1547
1533
1585
1836
1574
1549
1610
1528
1536
1626
1504
1988
1574
1479
1465
1505
2017
1565
1511
1507
1544
2073
6162
1499
1589
1572
1454
1467
1611
1669
1643
1526
1522
1587
1587
1486
1690
1506
1657
1770
1649
1732
1717
7405
1690
1679
1710
6897
1785
1632
1686
1530
1667
1637
6284
1523
1548
1598
1578
1562
1587
1707
1590
1559
1633
1558
1722
1482
1676
1534
1703
1715
1718
1607
1697
1721
1691
1693
2518
4831
4728
1970
6983
4780
4831
4783
4797
4692
4682
4570
4536
1662
1505
1659
1456
1552
1628
1537
1509
1562
1526
1498
1531
1570
2775
4113
1780
1530
1610
1483
1532
1518
1554
1665
2125
1523
1509
1514
1491
2136
1537
1562
1592
1545
1629
1647
2225
1543
1605
1652
1560
1648
1680
1653
1600
2340
1651
1659
1615
1701
1621
1503
1715
1661
1661
1647
1622
1695
1590
1620
1596
1575
1606
1574
1613
1621
2238
1668
1698
1665
1633
1531
1658
2249
1676
1648
1598
1641
1649
4350
4496
4187
6374
4546
6314
6639
4801
5010
5092
5159
4643
