35698
2465
2333
2374
2192
6106
6055
6101
6149
6139
6094
6302
6438
6579
6565
6704
6607
6493
6464
6442
6448
6359
6458
6404
6382
6331
6230
6261
6124
6144
6145
6226
6235
6232
6291
6398
6398
6613
6570
6696
6704
6701
6699
6756
6737
6758
7047
6828
6755
6849
6813
6792
6756
6819
6736
6733
6628
6609
6628
6528
6569
6502
2422
3045
6442
6332
6256
10101
2280
9568
2241
4914
2296
10334
2331
2465
10190
2436
2333
10335
2296
2361
2406
2344
2341
2497
2344
2390
2998
2318
2341
3152
2348
2289
2279
2247
2292
9646
2168
2249
2173
2251
2338
2387
2401
2391
2298
2348
2331
2447
2455
2447
2432
2367
2391
3736
2357
2384
2329
2366
2281
2321
2263
2305
9973
9900
10031
9866
2277
2284
2293
2252
9825
2249
2212
9683
2355
2265
2295
2250
2279
2174
2170
2194
2239
2283
2179
2181
12343
2207
2110
2137
2156
2189
2166
2207
2144
2130
2118
2148
2177
2136
2116
2150
2122
2258
4218
6420
6380
6530
6456
2298
2908
6742
6755
6832
6893
6911
2499
5126
7547
7529
7574
7641
5787
2592
2534
2517
3907
7233
7224
7140
5472
2394
2267
2321
2247
9719
2243
2260
2306
2291
2336
10085
2363
2333
2329
2411
2497
2398
2844
2432
2436
4404
6981
6901
6864
6770
6716
6659
6641
2312
2366
2372
2264
2315
2243
2379
2388
2342
3201
2371
2388
2371
2520
2624
5243
7825
7927
6050
5883
4781
2545
2543
2558
2516
2583
2523
3143
2520
2533
2522
2482
2563
2552
2489
2560
2576
2562
2640
2528
2483
2530
2498
2477
2410
2501
2386
2301
2356
2433
2319
2414
2267
2262
2230
2215
2302
2172
2206
2249
2376
2243
2371
2265
2338
2304
3238
6468
2213
2776
3988
6691
6656
6758
6928
6991
7107
7231
7277
7351
7351
7338
7443
7330
7264
7344
2476
4662
7153
7101
7018
6835
6789
6660
6747
6641
6478
6404
6415
6326
6341
6237
6198
6175
6185
6162
6162
6182
6219
2141
2278
2297
2233
2247
2228
2327
2342
2243
2282
2295
2381
2361
2467
2691
2373
2435
2521
2475
2566
2493
2433
2528
2528
2598
2557
2616
2525
2510
2489
2587
2546
2898
2547
2566
2472
2438
2533
2463
2413
2433
2377
2569
2280
2285
2335
2272
2298
2323
2415
2474
2514
2462
2576
2561
2671
2658
2583
2543
2547
2528
2586
2626
2549
2477
2415
2485
2425
2423
2359
2386
2278
2340
2329
2347
2372
2347
2267
2377
2632
2323
4305
2314
2346
10000
2256
2305
2202
2198
2210
2249
2221
2333
2174
2158
2192
2140
2130
2229
9374
2347
2177
2307
2436
2336
2220
2253
2328
2370
2443
2436
2432
2446
2419
2420
2569
2518
2503
2508
2515
2607
2567
2614
2654
2688
2624
2630
2618
2616
2594
2512
2512
2494
2470
2497
2394
2397
2769
2434
2339
2399
2374
2366
2475
2445
2595
2437
2457
2532
2532
2647
2561
2642
2548
3183
2616
2667
2639
2677
2724
12023
2694
2666
2708
2718
2789
2711
2715
2705
2736
2708
2681
2694
2636
2604
2582
2592
2527
11021
2541
2519
2476
2430
2355
2335
2386
2434
2405
2306
2313
2275
2356
2420
6714
2296
2306
2354
2239
2213
2208
2238
2240
2332
2307
2323
2278
2340
2340
2367
2365
2496
2343
2328
2398
2420
2425
2912
2685
2316
2886
2286
2288
2287
2343
2381
2236
2277
2269
2302
2219
2248
2257
9989
2308
2337
2291
2220
2600
2205
2280
2198
2315
2225
2252
2246
2274
2284
2345
2342
2331
2388
2469
2415
2476
2483
2408
2432
2437
2556
2562
2473
2454
2536
2461
2624
2479
2377
2406
11067
2509
2471
11046
3364
2399
2393
2316
2292
2387
2287
2264
2238
2230
2319
2363
2341
2355
2233
2391
2359
2387
2344
2412
2352
2498
2484
2443
2493
2551
2535
2550
2484
2474
2484
2518
2507
2452
2525
2653
2573
2627
2671
2570
2605
2509
2625
2541
2574
2525
2539
11012
2527
2501
2530
2521
2481
2574
2493
2446
2402
2349
2294
2392
2263
2662
2407
2316
2300
2379
2696
2456
2409
2372
2519
2414
2452
2321
2347
2318
2310
2298
3014
2193
3503
2296
2293
2317
2194
2221
2177
2316
9250
2134
2122
2236
2171
2275
2163
2222
2203
2182
2186
2238
2270
4222
6811
6761
6827
5160
5116
4933
4870
5084
6086
6043
6104
5834
6115
6283
6218
6041
6011
6107
