78054
2946
2672
3009
2932
2817
2855
2792
2815
2794
2749
2688
2805
2870
2821
2830
2876
2919
2891
2824
2889
2837
2894
2928
2960
4159
2920
2976
2958
2957
2951
3024
2909
3024
3100
2978
3005
3074
2992
3134
3103
3056
3064
3045
2997
2955
3001
2907
2903
2935
2918
2894
2892
3494
2877
2878
2891
2865
2919
2835
2854
2823
2902
2870
2846
2838
2906
2891
2961
2938
3047
2943
3016
2985
3059
3036
3053
3219
2989
3075
3026
3010
2951
3097
2985
3069
3074
3091
3100
3197
3082
3133
3141
3021
3100
3067
3052
3004
2867
2870
2890
2847
2917
2760
2767
3012
2777
2758
2779
2853
2779
2889
2769
2707
2742
2792
2793
2721
2785
2765
2841
2770
2809
2724
2797
13207
2928
2845
2790
2761
2898
13388
2832
2870
2864
5083
2926
2976
2967
2943
2933
2925
3040
2911
2951
3018
2994
2964
3025
2924
2988
3010
3015
2971
3038
2981
3044
3030
3040
2931
3030
2863
2856
2901
2912
2854
2884
2854
2790
2872
2820
2755
2785
2751
2808
2696
2839
2751
2814
2789
2842
2706
2749
2657
2725
2792
2872
3966
2696
2743
2810
2754
2785
2728
2729
2929
2758
2857
2765
2736
2773
2794
2776
2807
2840
2810
2796
2771
2879
2745
2868
3269
2822
3221
2862
2789
2820
2769
2786
2800
2903
2855
2796
2879
2799
2849
2795
2812
2775
2869
2838
2833
2812
9031
2830
2822
2869
2853
2859
2826
2882
2884
2908
2858
5916
8825
8833
6800
8306
8317
8976
9002
8928
8961
2969
5011
8857
9040
8881
9016
8046
8645
8481
8414
2827
2816
3629
2831
2848
2892
2876
2906
2859
2978
2863
2950
2904
3004
2982
3024
3011
3089
3029
3025
3002
3034
2977
2967
2958
3016
2919
2869
2930
2959
2889
2850
2804
2827
2793
2811
5158
3054
4632
8419
3226
5586
8545
8487
8496
8487
8403
8941
8371
8277
8375
8258
8305
8415
2835
3846
8389
8526
2805
2796
2826
2860
2748
2798
2812
2924
2931
2907
2966
2925
2907
2897
2938
2938
2854
3231
3014
3044
3052
3008
3069
2999
3052
3080
3088
3037
3052
3062
2999
3096
2992
2983
2912
2871
2917
2959
2899
2976
2875
2937
2900
2895
2901
2844
2855
2878
2934
2936
2866
2896
2821
2861
2875
2876
2861
2886
2961
2884
3665
3436
2875
2950
2949
3008
2977
2927
2975
3015
2973
3049
3003
2985
2810
2813
2887
2930
2822
2831
2899
2851
2841
2964
2887
2847
2850
2820
2832
2846
2862
2878
2851
2911
2881
2812
2766
2846
2833
2890
2826
2788
2769
2848
2840
2840
3625
8363
8370
2883
2837
2815
2884
2796
2816
2764
12727
2797
2832
2718
2815
2770
2915
2950
2972
2847
14067
3000
3002
2988
2937
2980
3051
3839
13501
3034
13372
3024
3034
2953
3013
2948
2971
2956
2821
12869
2792
2839
2804
2820
2748
2827
2774
2866
2932
2850
13211
3190
12907
3005
2921
2963
3014
2932
2964
3060
2955
13410
3028
3018
2900
2980
2913
2880
2875
2818
2859
2882
2787
2857
2709
2779
2762
2838
2915
2876
2901
2890
2872
4674
2875
2926
2823
5028
2762
2823
2809
2794
2772
2855
2677
2796
2727
2678
2679
2812
2723
2774
2809
2801
3478
2819
2720
2761
2774
2748
2736
2773
2820
2810
2817
2795
2764
2733
2802
2764
2771
2776
2858
2886
2859
2801
2780
2843
2772
2861
2831
2841
2729
2787
2791
2888
2806
2837
2874
2921
2795
2799
2876
2856
2809
2897
2876
2872
2787
2931
2857
2979
2861
2935
2998
2946
13091
2869
2857
2912
2937
2885
2954
2917
2855
2911
3056
2943
2906
2959
2937
2784
2822
2829
2774
2818
2791
2831
2744
2812
2750
2815
3762
2872
2881
2892
2855
2834
2847
2822
2879
2837
2894
2930
3112
2925
2948
2922
2903
2918
2996
2951
2946
2878
3016
2907
2938
2896
2865
2824
2848
2734
2814
2819
2783
2817
2855
2888
2899
2865
2975
2852
2917
2910
2951
2927
2959
2918
2954
2922
2907
2899
2980
2871
2986
2961
2951
2948
2984
4139
3015
2971
2929
2956
2867
2889
2860
2913
2882
2846
2744
2719
2802
2816
2800
2695
2714
2814
2702
2801
2716
2838
2764
2788
2749
2624
2713
2697
2731
2715
2738
2733
2704
2704
2746
2837
2732
2832
2780
2701
2693
2704
2734
2770
2841
2777
2793
2767
2751
2776
2776
3936
2714
2829
2773
2833
2761
2830
2838
2827
2849
2677
2785
2824
2841
2809
2807
2705
2846
2854
2794
2864
2853
2898
2810
2837
2943
3081
8355
2893
2913
2937
2910
2930
2954
2973
3052
2982
2987
2982
2999
2978
3009
3018
2983
2903
2925
2928
2914
2928
2920
2886
2867
2816
2859
2831
3266
2785
2848
2781
3051
2743
2812
2816
2927
2906
2913
2884
2888
2887
2906
