49867
2579
2132
4757
7387
2200
5309
2135
2403
2174
2135
4170
2140
2131
2183
2166
2224
2176
2141
2222
2168
2205
2269
2269
2316
2310
2322
2362
2349
2554
2389
2417
2397
2415
2373
1670
1693
1674
1673
1693
1980
4585
4539
4527
4397
4485
1560
1610
1580
1526
1572
1560
1531
1649
1591
1483
1677
1569
1663
1740
1556
1603
1686
2892
1646
2422
4716
4499
1725
2242
4815
4402
4678
4579
4270
4450
6087
4383
4315
1576
1535
1485
2198
1622
1671
1741
2279
1653
1570
1570
1621
1724
1717
2999
1619
2488
4328
1649
1513
1625
1597
1589
1567
2085
2133
1619
1587
1512
1567
1751
1729
1735
1676
1758
2766
4795
4913
5157
3737
3750
2346
2034
4604
5433
3847
1566
1746
3225
4502
1663
2165
3172
3811
3864
3872
3920
3957
1730
1804
2325
3410
4043
3860
4020
3940
3867
3849
3864
3544
3771
3772
5338
5264
3716
3519
3711
3818
3789
3605
3744
3703
3666
3660
4469
3438
2207
1392
1497
2650
4080
4329
6860
1550
1547
6617
6505
4650
4635
4605
6581
4696
4662
4642
6751
4716
4672
4901
3728
3816
3652
4553
5966
4356
4428
4301
4433
4351
4488
4475
4583
4586
4589
4711
6474
4717
6695
6734
4782
5076
5101
5073
3180
3121
6100
7540
5663
7387
5484
5280
2565
1841
1726
1756
7018
2286
1751
2319
1846
1787
2360
1942
1857
4375
7518
5590
5573
5547
7937
1838
2017
2031
1826
3257
2304
1817
2849
7017
1677
1789
3623
6588
4810
4899
4910
4714
7096
4967
5100
7086
5075
1751
1862
2469
2557
2473
2542
1962
1759
1940
1925
1968
1927
1963
2613
2090
2784
4285
1887
1800
1832
2300
1650
2321
1749
1700
1704
2959
7315
1733
1833
1784
3057
2360
1837
2174
3590
2693
5178
5213
1820
4890
7018
7053
4728
1756
1737
1687
1592
1616
1644
1639
2237
2290
1584
1765
1802
1805
7028
6970
1633
1660
2844
1737
1702
4371
4520
4522
4429
2604
4461
1612
6679
1647
2181
4662
4720
4827
4834
3592
3082
2941
5340
7245
7074
5202
9342
2530
2542
1964
2406
2326
1683
1790
1760
1656
2258
2205
2267
1617
2393
1731
2244
2248
2279
1739
2170
2052
2708
6473
4663
2243
1710
1512
1936
1736
2252
4654
6573
4592
4715
4721
4495
4670
4698
4501
4729
7498
5475
4711
2550
1452
6742
4446
5174
1588
1524
2853
4494
1728
2218
7230
1658
1713
6771
3784
3832
4453
6496
4452
4493
4457
4512
4311
4559
4587
4488
4561
4523
4486
4532
4537
4512
1684
1652
1656
1678
1669
1574
1628
1618
1610
1617
1590
1576
1599
1512
1666
1665
1741
6808
2319
1810
2383
2451
2492
1825
1906
2413
1856
1770
1749
1727
1793
2364
1561
1749
1633
1599
1655
2234
1628
1591
2836
1711
1650
1682
1695
1731
1663
1691
1679
3313
6884
4627
4710
3560
3497
5071
3493
3517
6326
6211
3938
2834
3355
4071
4031
3971
4175
4266
5996
4163
6055
4431
6089
2558
1891
1871
1743
1689
1778
1817
1782
3302
5014
7110
5133
5200
5274
5419
5260
5187
5350
5534
5461
5560
5771
3970
4895
1818
1854
1865
1696
1700
1832
3040
2071
2494
1624
1535
6680
1622
1572
1664
1638
1566
1691
1566
1565
1560
1587
1563
1609
1513
1546
1599
1535
1550
1580
6478
4487
4550
1629
1734
1653
1644
1663
1736
1670
1641
1753
1828
1628
1858
1784
1829
2413
1780
1843
1760
1788
1756
1743
1817
1791
1748
1644
1669
1588
1665
6764
6375
2538
2734
4363
4536
4566
4238
4380
4322
4323
6272
6396
4520
4594
4637
6800
4836
6000
1857
3449
7280
5289
1823
2166
1975
2434
2531
1936
1795
1878
2358
1704
1790
1741
2235
1635
1609
6670
2226
1687
2332
2361
2303
2298
1755
1771
1625
1700
1704
2286
1601
3484
2219
1705
2217
1664
1694
2170
2211
2013
1593
1611
2164
1630
1673
1653
1589
1711
1678
1712
1664
2311
2257
1705
1696
1697
1605
1607
1595
1564
1653
3825
1576
1530
1476
2163
1635
2259
1536
1679
1576
2198
1641
1665
1577
1677
1632
1559
1657
1646
1535
5968
4427
4441
4300
4331
4418
1733
1677
1651
2342
1781
1809
1773
1691
1777
2407
2407
1776
2420
1833
2470
2525
1791
1667
1777
1734
1762
1730
7067
4606
4756
2172
1603
1657
1660
1694
1711
1736
1834
1869
1789
1785
1798
1836
1832
1697
2371
1761
2442
1620
1661
1694
2251
1625
2091
1498
1646
1688
1572
1557
1693
1507
